35 3930 0 0
2x2/000000 0 0 0
2x2/ff0000 4 0 0
4x2/0000ff 2 2 0
2x2/0000ff 6 2 0
2x2/ff0000 0 3 0
2x2/000000 10 3 0
2x2/00ff00 5 4 0
2x1/ff0000 2 0 0
2x1/ff0000 6 0 0
2x1/00ff00 8 0 0
2x1/ff0000 10 0 0
1x1/000000 2 1 0
1x1/0000ff 3 1 0
1x1/0000ff 6 1 0
2x1/00ff00 7 1 0
1x1/0000ff 9 1 0
1x1/00ff00 10 1 0
2x1/ff0000 11 1 1
1x1/000000 0 2 0
1x1/0000ff 1 2 0
1x1/0000ff 8 2 0
2x1/ff0000 9 2 0
2x1/ff0000 8 3 0
1x1/ff0000 2 4 0
2x1/00ff00 3 4 1
1x1/0000ff 4 4 0
1x1/0000ff 7 4 0
2x1/00ff00 8 4 1
1x1/000000 9 4 0
1x1/ff0000 0 5 0
2x1/00ff00 1 5 0
1x1/00ff00 4 5 0
1x1/00ff00 7 5 0
2x1/00ff00 9 5 0
1x1/000000 11 5 0
